4 0.628950 0.546723 0.034445 0.106187
4 0.571734 0.592032 0.041862 0.127970
4 0.612834 0.586742 0.041862 0.127970
4 0.545609 0.529295 0.041862 0.127970
4 0.525074 0.480093 0.034447 0.106187
4 0.557226 0.476840 0.034447 0.106187
4 0.600091 0.492683 0.034448 0.106187
4 0.612610 0.519562 0.034445 0.106183
4 0.649745 0.513338 0.034445 0.106183
4 0.687810 0.564122 0.043420 0.123163
4 0.721531 0.620888 0.063432 0.131423
2 0.325931 0.578847 0.035632 0.029613
2 0.365202 0.544373 0.026280 0.030453
2 0.398684 0.539055 0.026183 0.031110
2 0.431011 0.535322 0.024438 0.030390
2 0.685585 0.798440 0.042170 0.079820
2 0.299985 0.757352 0.052170 0.052210
2 0.353818 0.811800 0.051675 0.062133
2 0.301740 0.819385 0.054730 0.062130
2 0.247413 0.829045 0.059055 0.065110
2 0.190036 0.845348 0.066977 0.070243
2 0.288639 0.898995 0.064673 0.075243
2 0.223709 0.918987 0.068387 0.086493
2 0.159055 0.934575 0.080115 0.092783
2 0.212360 1.012897 0.068385 0.086493
2 0.139758 1.033920 0.068385 0.086493
0 0.283060 0.652680 0.020335 0.017447
0 0.272591 0.698162 0.021928 0.022870
0 0.261186 0.765592 0.023873 0.025230
1 0.286649 0.551037 0.026347 0.050220
