4 0.718144 0.391998 0.070212 0.201937
4 0.672735 0.292028 0.070215 0.201937
4 0.622574 0.204730 0.070212 0.201933
4 0.681184 0.200505 0.070212 0.201937
4 0.736624 0.238522 0.070212 0.201937
4 0.752994 0.277948 0.070212 0.201937
4 0.798402 0.325822 0.070215 0.201937
4 0.777810 0.387775 0.070215 0.201937
4 0.879189 0.363135 0.070212 0.201937
4 0.928821 0.439168 0.070212 0.201937
4 0.828499 0.267388 0.070212 0.201937
2 0.185885 0.803010 0.092125 0.100887
2 0.277885 0.789833 0.092125 0.100887
2 0.365325 0.765500 0.092125 0.100887
2 0.198646 0.692525 0.084447 0.089217
2 0.280166 0.678315 0.084447 0.089217
2 0.355815 0.667288 0.077010 0.084183
2 0.429954 0.661082 0.077012 0.084183
2 0.281686 0.903883 0.094427 0.108853
2 0.182916 0.928017 0.101422 0.116893
2 0.868669 0.681855 0.055692 0.103423
2 0.309824 0.329055 0.059308 0.053730
2 0.363808 0.279887 0.045620 0.050687
2 0.415510 0.280393 0.044100 0.047647
2 0.469115 0.278873 0.050945 0.048660
2 0.333394 0.588585 0.072993 0.069950
0 0.274779 0.596937 0.039163 0.039893
0 0.270819 0.505708 0.033882 0.032270
0 0.269498 0.439413 0.034760 0.031093
1 0.237975 0.270218 0.041605 0.080437
