4 0.823337 0.609902 0.097135 0.201837
4 0.895143 0.673862 0.109395 0.212377
2 0.622159 0.685443 0.054813 0.049393
2 0.474017 0.630170 0.043120 0.053440
2 0.422681 0.645248 0.050983 0.044077
4 0.663987 0.517417 0.067045 0.174853
2 0.881425 0.949945 0.059405 0.131043
1 0.170699 0.654380 0.039718 0.077373
0 0.202609 0.823342 0.035177 0.034803
0 0.199621 0.901573 0.039662 0.039280
0 0.204424 1.009023 0.039662 0.039280
2 0.267621 0.984398 0.083858 0.083777
4 0.663428 0.660718 0.072390 0.221870
4 0.600529 0.571722 0.066897 0.184450
4 0.552309 0.510892 0.053352 0.163837
4 0.598291 0.501120 0.053352 0.163840
4 0.720359 0.641812 0.081527 0.201370
4 0.733961 0.583828 0.081528 0.201370
4 0.696987 0.545728 0.067045 0.174857
2 0.641714 0.629285 0.039342 0.064197
4 0.751074 0.535752 0.067048 0.174857
