2 0.445799 0.695097 0.047668 0.062327
2 0.269315 0.651458 0.060870 0.050683
2 0.402684 0.607413 0.050652 0.044467
2 0.584855 0.616222 0.046285 0.052030
2 0.790366 0.890318 0.059212 0.118310
2 0.187404 0.979705 0.095923 0.079683
2 0.315931 0.990602 0.095922 0.018797
1 0.076955 0.646800 0.041250 0.085707
0 0.113278 0.825585 0.037940 0.038703
0 0.113657 0.904172 0.042340 0.046070
4 0.592172 0.628263 0.070920 0.209747
4 0.643964 0.613732 0.070922 0.217510
4 0.798730 0.634438 0.095515 0.212963
4 0.732920 0.568603 0.075500 0.190867
4 0.527925 0.547372 0.070920 0.196817
4 0.478563 0.481385 0.057730 0.166843
4 0.526502 0.472123 0.057730 0.166840
4 0.588838 0.491273 0.057730 0.166840
4 0.619089 0.515717 0.057733 0.166840
4 0.649645 0.551977 0.057730 0.166840
4 0.665840 0.501050 0.057730 0.166840
