2 0.393193 0.673880 0.074675 0.074153
2 0.280463 0.634770 0.075855 0.067133
2 0.322815 0.705223 0.071555 0.077507
2 0.248019 0.738105 0.075828 0.079603
2 0.166813 0.783718 0.086895 0.088843
2 0.182028 0.887383 0.095265 0.102147
2 0.268547 0.829950 0.068430 0.046227
2 0.758439 0.562792 0.049702 0.085083
2 0.347015 0.787372 0.068430 0.046230
2 0.306865 0.944845 0.090570 0.107343
2 0.213748 0.985920 0.087210 0.076593
2 0.191500 0.394902 0.063060 0.054270
2 0.236249 0.330062 0.052708 0.054270
2 0.290841 0.317928 0.053013 0.054270
2 0.342500 0.305968 0.048365 0.054270
0 0.175000 0.513017 0.041060 0.032847
0 0.196899 0.575668 0.048357 0.038930
0 0.222446 0.662045 0.044708 0.043797
4 0.597123 0.347500 0.066680 0.207193
4 0.647060 0.341650 0.066680 0.207193
4 0.774465 0.355263 0.073845 0.207193
4 0.719399 0.306450 0.066683 0.207193
4 0.534065 0.278993 0.066680 0.207193
4 0.476513 0.212815 0.066680 0.207197
4 0.523300 0.203745 0.066680 0.182623
4 0.581560 0.215930 0.051770 0.183987
4 0.614931 0.238062 0.053957 0.199730
4 0.648740 0.281273 0.066680 0.186753
4 0.667381 0.230640 0.056007 0.166600
1 0.098899 0.353043 0.044728 0.088300
