2 0.635051 0.784228 0.044247 0.080023
2 0.320225 0.516330 0.034950 0.028653
2 0.361712 0.488237 0.026825 0.027873
2 0.393936 0.486417 0.024873 0.028993
2 0.425701 0.484760 0.024733 0.029847
2 0.268211 0.680720 0.048627 0.047167
2 0.308945 0.737350 0.054110 0.058000
2 0.260553 0.737450 0.054110 0.058000
2 0.212396 0.737767 0.057292 0.058000
2 0.161570 0.742293 0.061760 0.058000
2 0.238687 0.805802 0.063590 0.066163
2 0.181726 0.812873 0.063588 0.066160
2 0.127354 0.814288 0.072247 0.066163
2 0.153566 0.896537 0.082428 0.079753
2 0.086633 0.904768 0.086090 0.086257
0 0.232486 0.683223 0.023623 0.024787
0 0.253594 0.623753 0.022342 0.020933
0 0.268942 0.583330 0.020125 0.018773
4 0.550284 0.556973 0.045468 0.140313
4 0.536381 0.487495 0.034632 0.115437
4 0.524031 0.437587 0.030303 0.103213
4 0.556368 0.437587 0.028770 0.105927
4 0.595419 0.557302 0.037457 0.137843
4 0.707841 0.605558 0.078742 0.151423
4 0.676335 0.543350 0.052580 0.135807
4 0.622418 0.516718 0.045340 0.123950
4 0.610595 0.487030 0.045340 0.123953
1 0.287849 0.486103 0.025643 0.044600
4 0.653458 0.484483 0.045340 0.123953
4 0.599560 0.461848 0.045340 0.123950
