4 0.688940 0.488808 0.043995 0.139057
4 0.595309 0.570908 0.051268 0.140317
1 0.317995 0.522210 0.023860 0.045020
0 0.285870 0.728315 0.021220 0.028763
0 0.299311 0.664773 0.020512 0.029000
0 0.311024 0.623190 0.017822 0.023200
2 0.457319 0.509013 0.025772 0.031240
2 0.425496 0.515007 0.026083 0.033400
2 0.392695 0.517562 0.025935 0.031830
2 0.353946 0.550767 0.033613 0.033007
2 0.326080 0.725407 0.052440 0.047433
2 0.161275 0.963437 0.077600 0.073127
2 0.229479 0.957570 0.074957 0.084860
2 0.189603 0.878062 0.065715 0.078437
2 0.250548 0.868968 0.060870 0.074330
2 0.306435 0.856068 0.060870 0.074330
2 0.220884 0.797887 0.056482 0.062580
2 0.272225 0.787620 0.053535 0.062580
2 0.322638 0.781753 0.047310 0.062580
2 0.371231 0.776393 0.047313 0.062580
2 0.708211 0.789348 0.053903 0.068937
4 0.662680 0.525222 0.043995 0.116890
4 0.644956 0.490185 0.043992 0.116890
4 0.631818 0.466553 0.043995 0.116887
4 0.588271 0.451282 0.036233 0.111883
4 0.552676 0.455962 0.043993 0.116890
4 0.573820 0.498660 0.043995 0.116887
4 0.722369 0.545598 0.058712 0.147890
4 0.763398 0.600547 0.058715 0.147893
4 0.638959 0.562107 0.039723 0.137300
