2 0.773105 0.766250 0.075070 0.072430
2 0.390260 0.491999 0.041080 0.022307
2 0.444253 0.476381 0.033800 0.021507
2 0.484512 0.478462 0.033457 0.022780
2 0.525313 0.481942 0.033453 0.022780
2 0.305958 0.597870 0.056117 0.032220
2 0.338897 0.645721 0.061227 0.040758
2 0.288710 0.635951 0.056887 0.040758
2 0.236143 0.627961 0.057780 0.038762
2 0.186215 0.621494 0.058270 0.039163
2 0.250315 0.679221 0.067877 0.046067
2 0.192815 0.672101 0.067877 0.046067
2 0.140317 0.661963 0.067880 0.046065
2 0.151160 0.721846 0.078187 0.054857
2 0.090647 0.711475 0.078187 0.054860
1 0.356823 0.464206 0.029327 0.033517
0 0.321250 0.530939 0.024473 0.014048
0 0.296730 0.555906 0.026873 0.015713
0 0.266327 0.593407 0.026873 0.015710
4 0.680217 0.556852 0.071300 0.117415
4 0.672990 0.500556 0.057593 0.096772
4 0.668285 0.458356 0.047037 0.083962
4 0.721702 0.461751 0.050570 0.090938
4 0.749307 0.565538 0.071300 0.117415
4 0.782490 0.482084 0.068740 0.090938
4 0.797098 0.506170 0.080663 0.094120
4 0.804922 0.537134 0.080663 0.110983
4 0.935750 0.634089 0.131887 0.150338
4 0.893343 0.572072 0.089707 0.124750
4 0.862617 0.515196 0.089933 0.106723
