4 0.675650 0.614505 0.062540 0.140037
4 0.717720 0.630645 0.056070 0.118710
4 0.865561 0.701955 0.085827 0.175683
4 0.822678 0.634842 0.068895 0.175683
4 0.783216 0.554652 0.044748 0.143630
4 0.658459 0.544802 0.062543 0.140037
4 0.642439 0.489437 0.039967 0.124900
4 0.677719 0.496835 0.039967 0.124897
4 0.719235 0.519613 0.052690 0.124900
4 0.735760 0.546808 0.057470 0.124897
4 0.740949 0.583080 0.039967 0.124900
2 0.773799 0.885082 0.050668 0.106503
2 0.435445 0.527223 0.030205 0.029080
2 0.473577 0.505748 0.024780 0.030343
2 0.504528 0.509995 0.024025 0.030343
2 0.535500 0.513995 0.024025 0.030343
2 0.392514 0.679297 0.043637 0.047027
2 0.431372 0.745538 0.047355 0.056717
2 0.387320 0.733147 0.043660 0.056720
2 0.343246 0.723945 0.045177 0.056717
2 0.299900 0.716508 0.047355 0.056717
2 0.367452 0.797355 0.051825 0.065570
2 0.317034 0.788832 0.050567 0.066677
2 0.270660 0.776820 0.052490 0.067287
2 0.294623 0.865707 0.059620 0.081507
2 0.238271 0.855043 0.059413 0.081493
0 0.390414 0.583497 0.016808 0.021593
0 0.377121 0.619962 0.018333 0.023630
0 0.360162 0.673333 0.017415 0.022000
1 0.405172 0.489592 0.021655 0.046977
