4 0.594947 0.461697 0.065840 0.085545
4 0.506685 0.485264 0.053903 0.089627
4 0.497590 0.445055 0.046380 0.079110
4 0.545235 0.445248 0.046383 0.079110
4 0.626300 0.507689 0.068800 0.097628
4 0.736512 0.574475 0.102857 0.110820
4 0.698172 0.531253 0.082690 0.110820
4 0.664662 0.481903 0.062630 0.089280
1 0.168345 0.479272 0.039843 0.038255
2 0.212123 0.505929 0.051380 0.022853
2 0.272768 0.483825 0.039143 0.024955
2 0.317940 0.482631 0.037400 0.023257
2 0.363497 0.482176 0.035947 0.023257
2 0.178197 0.684706 0.076367 0.046687
2 0.106970 0.683409 0.076367 0.046687
2 0.037930 0.683235 0.076367 0.048910
2 0.069708 0.741625 0.093037 0.055510
2 -0.012437 0.743089 0.093040 0.055507
2 0.125117 0.637426 0.076767 0.039273
0 0.071887 0.639605 0.036780 0.018985
0 0.105745 0.590925 0.036563 0.018660
0 0.132032 0.557256 0.033750 0.017523
2 0.626837 0.713915 0.060427 0.060640
4 0.581888 0.537395 0.068190 0.102285
4 0.518287 0.543171 0.068193 0.102288
