2 0.363585 0.525190 0.033070 0.028587
2 0.401354 0.497220 0.025692 0.029860
2 0.434179 0.496848 0.024848 0.029523
2 0.465659 0.495215 0.024933 0.027157
2 0.336671 0.692788 0.046692 0.047957
2 0.385613 0.749783 0.048775 0.057247
2 0.337736 0.750697 0.048772 0.057247
2 0.287633 0.752463 0.051720 0.061473
2 0.235760 0.756982 0.056960 0.058963
2 0.324729 0.819515 0.056722 0.066077
2 0.267346 0.830422 0.059202 0.068710
2 0.208652 0.829103 0.060400 0.078727
2 0.251394 0.915303 0.067497 0.095540
2 0.180929 0.928808 0.078023 0.092837
2 0.707354 0.787207 0.040963 0.080893
0 0.322035 0.592568 0.018925 0.018843
0 0.311305 0.633953 0.021710 0.018840
0 0.300245 0.695362 0.023510 0.025703
1 0.326049 0.493723 0.025567 0.046893
4 0.605416 0.566155 0.043937 0.128397
4 0.646755 0.569808 0.043940 0.128397
4 0.764114 0.619808 0.069038 0.149417
4 0.724884 0.561328 0.043937 0.128397
4 0.584324 0.503253 0.043937 0.128400
4 0.562750 0.454368 0.035790 0.118710
4 0.596272 0.454960 0.035790 0.118713
4 0.639173 0.473130 0.035790 0.118713
4 0.648510 0.494327 0.035790 0.118713
4 0.664155 0.533358 0.035790 0.118710
4 0.689390 0.499710 0.035790 0.118713
