2 0.140769 0.831783 0.068538 0.076700
4 0.539270 0.464432 0.038910 0.117323
4 0.500035 0.452208 0.038910 0.117323
4 0.468130 0.456862 0.038910 0.117323
4 0.481335 0.513322 0.047705 0.139337
4 0.541102 0.569545 0.047705 0.139337
4 0.496365 0.571738 0.047705 0.139337
2 0.595491 0.780945 0.045582 0.074803
2 0.072704 1.027158 0.090792 0.083417
2 0.037161 0.945818 0.090792 0.083417
2 0.102251 0.926562 0.090793 0.083417
2 0.174486 0.903802 0.082182 0.078470
2 0.077959 0.852017 0.080418 0.082033
2 0.196786 0.815515 0.059627 0.072430
2 0.253539 0.807885 0.059628 0.072430
2 0.205512 0.753300 0.060555 0.053440
2 0.368454 0.515397 0.030767 0.033193
2 0.334583 0.521537 0.030770 0.033193
2 0.299285 0.527538 0.030770 0.033190
2 0.255236 0.564657 0.038787 0.031653
1 0.216334 0.534998 0.027297 0.045763
0 0.161400 0.764613 0.027260 0.025740
0 0.183715 0.693788 0.027410 0.023363
0 0.199721 0.646050 0.023707 0.020680
4 0.649109 0.597962 0.064087 0.147023
4 0.619099 0.543597 0.052632 0.131353
4 0.590970 0.479588 0.038910 0.117323
4 0.562003 0.521633 0.038910 0.117320
4 0.550270 0.486432 0.038910 0.117323
