2 0.293905 0.596113 0.037135 0.031240
4 0.700178 0.590003 0.058030 0.144327
1 0.249216 0.569212 0.028043 0.051823
4 0.661090 0.541478 0.050700 0.134823
4 0.589557 0.567863 0.038900 0.125727
4 0.603305 0.524105 0.038900 0.110663
4 0.587568 0.501233 0.038900 0.110667
4 0.624348 0.490153 0.038900 0.110667
4 0.571300 0.471763 0.038900 0.110667
4 0.527975 0.466577 0.038900 0.110667
4 0.494472 0.476473 0.038900 0.110667
4 0.518975 0.520172 0.047575 0.121077
4 0.550640 0.582785 0.047575 0.133763
0 0.250035 0.680778 0.027810 0.029457
0 0.241122 0.731707 0.027810 0.029453
0 0.230412 0.803770 0.027810 0.029453
2 0.125261 0.981605 0.083153 0.078690
2 0.200368 0.964927 0.069015 0.084067
2 0.266261 0.939753 0.073168 0.079207
2 0.156435 0.896753 0.077900 0.072953
2 0.218558 0.872730 0.067565 0.072953
2 0.277555 0.850808 0.063105 0.066937
2 0.332959 0.836462 0.058438 0.066937
2 0.668231 0.772065 0.043673 0.082450
2 0.273572 0.788768 0.057830 0.053503
2 0.402930 0.538527 0.026170 0.032013
2 0.369404 0.547928 0.027123 0.033563
2 0.333636 0.557197 0.028832 0.029867
