2 0.027388 0.768221 0.081190 0.065937
4 0.680228 0.493114 0.062410 0.088713
4 0.612075 0.453666 0.040270 0.081153
4 0.565068 0.451851 0.040270 0.081153
4 0.573955 0.492104 0.055223 0.092358
4 0.649722 0.550039 0.068190 0.102288
4 0.584662 0.545666 0.068190 0.102287
4 0.690338 0.519415 0.064950 0.096320
4 0.803985 0.597325 0.093210 0.122130
4 0.771273 0.554843 0.093213 0.122130
4 0.738928 0.494561 0.077103 0.094133
1 0.251022 0.472701 0.031757 0.033103
0 0.154177 0.615611 0.033227 0.017283
0 0.188255 0.573690 0.030197 0.017280
0 0.215110 0.544254 0.028013 0.013058
4 0.667210 0.471885 0.055260 0.081155
2 0.678972 0.732938 0.065023 0.064925
2 0.287938 0.498851 0.043603 0.021298
2 0.344308 0.480545 0.035370 0.022630
2 0.387275 0.480990 0.034397 0.023500
2 0.429600 0.481978 0.033793 0.021515
2 0.201273 0.616478 0.059560 0.037640
2 0.242247 0.665168 0.066880 0.045685
2 0.181510 0.656802 0.066880 0.045685
2 0.122573 0.654270 0.066880 0.045685
2 0.060793 0.653471 0.071167 0.045683
2 0.146305 0.708869 0.081130 0.051567
2 0.072467 0.707039 0.081133 0.051567
2 0.011042 0.701285 0.081130 0.054920
