4 0.447395 0.438958 0.051790 0.083965
4 0.685340 0.557862 0.087840 0.108765
4 0.646835 0.513971 0.067677 0.103712
4 0.537905 0.527751 0.060190 0.101248
4 0.618132 0.469804 0.060017 0.088823
4 0.577002 0.493984 0.062063 0.094017
4 0.558780 0.471672 0.051793 0.083965
4 0.546630 0.449241 0.051793 0.083963
4 0.497717 0.438960 0.051793 0.083965
4 0.461230 0.480390 0.060193 0.101250
4 0.475622 0.529872 0.060190 0.101250
0 0.015803 0.653455 0.030047 0.020445
0 0.048997 0.602411 0.042287 0.017743
0 0.075742 0.567099 0.035310 0.015967
2 0.315992 0.478986 0.042210 0.024017
2 0.268663 0.481353 0.042213 0.024015
2 0.220273 0.484408 0.042213 0.024015
2 0.157510 0.509199 0.053773 0.023013
2 0.070273 0.648246 0.081813 0.044808
2 0.034317 0.757065 0.068633 0.062570
2 0.012280 0.698600 0.024560 0.050460
2 0.054282 0.695516 0.088230 0.050457
2 0.129057 0.693545 0.080380 0.050460
2 0.590240 0.697469 0.059467 0.058328
1 0.107425 0.482591 0.042010 0.041783
