2 0.186621 0.714305 0.086892 0.088843
2 0.266456 0.679837 0.086892 0.088840
2 0.342687 0.646102 0.079220 0.088843
2 0.411889 0.624350 0.067918 0.088840
2 0.365441 0.736725 0.077483 0.088843
2 0.286986 0.779188 0.086893 0.088843
2 0.197864 0.818617 0.096257 0.088840
2 0.221218 0.933788 0.106455 0.104170
2 0.316259 0.885130 0.093067 0.108493
2 0.794270 0.542183 0.062655 0.065300
2 0.303337 0.580993 0.070070 0.065713
2 0.229497 0.330063 0.065120 0.051720
2 0.274822 0.276295 0.049855 0.051717
2 0.327724 0.264683 0.050773 0.051720
2 0.378190 0.253618 0.048295 0.051717
0 0.208699 0.449697 0.039537 0.032440
0 0.225045 0.515085 0.043340 0.035483
0 0.246716 0.601260 0.039538 0.039547
4 0.635971 0.311315 0.060903 0.203770
4 0.686164 0.300680 0.060903 0.203773
4 0.826494 0.323972 0.060903 0.220750
4 0.771323 0.267225 0.060905 0.203770
4 0.572874 0.227687 0.060903 0.203773
4 0.519971 0.157303 0.060903 0.196433
4 0.572114 0.153680 0.060903 0.196433
4 0.623056 0.163818 0.060903 0.196430
4 0.653470 0.201328 0.060905 0.196430
4 0.711084 0.195817 0.060902 0.180893
4 0.686935 0.247045 0.060905 0.183917
