3 0.783672 0.081704 0.104757 0.036328
3 0.551135 0.445225 0.580697 0.255475
0 0.497527 0.072354 0.120193 0.142338
3 0.775790 0.212256 0.290347 0.088808
3 0.128772 0.440967 0.257543 0.256690
3 0.497607 0.266394 0.356853 0.092458
3 0.150120 0.278798 0.298033 0.118510
3 0.044517 0.189035 0.085267 0.052800
1 0.258460 0.151780 0.109513 0.029920
1 0.281927 0.133006 0.086047 0.045172
1 0.305785 0.113060 0.075877 0.038135
2 0.281928 0.046996 0.061017 0.093993
3 0.215387 0.191531 0.272593 0.056603
3 0.498122 0.194065 0.265837 0.048155
3 0.671027 0.082126 0.098000 0.032102
3 0.429972 0.155626 0.217403 0.027032
