4 0.764855 0.575940 0.086250 0.119975
4 0.834238 0.589398 0.086250 0.119975
4 0.760403 0.516770 0.070713 0.105025
4 0.757040 0.469804 0.056727 0.090067
4 0.814050 0.480325 0.056727 0.090070
4 0.907648 0.565279 0.086250 0.119978
4 0.890273 0.529845 0.083880 0.104460
4 0.884990 0.503197 0.083880 0.100655
4 0.964733 0.542929 0.069020 0.104462
4 0.989427 0.615365 0.111827 0.114910
4 1.017787 0.681810 0.111827 0.114910
1 0.438028 0.462799 0.028303 0.031498
0 0.398092 0.523860 0.021677 0.013120
0 0.372373 0.547080 0.024647 0.014795
0 0.340908 0.579688 0.025003 0.017330
2 0.466175 0.490082 0.040103 0.022155
2 0.521275 0.477944 0.034057 0.021578
2 0.560585 0.482574 0.032930 0.023498
2 0.602670 0.487080 0.034053 0.022990
2 0.379123 0.587431 0.039420 0.042217
2 0.841898 0.807151 0.084617 0.081303
2 0.404102 0.635636 0.052903 0.044207
2 0.356158 0.622013 0.052903 0.040550
2 0.310962 0.610001 0.052903 0.039317
2 0.265875 0.599159 0.052903 0.040548
2 0.320673 0.660695 0.057980 0.045550
2 0.267958 0.647045 0.055330 0.041770
2 0.223437 0.633580 0.055327 0.041770
2 0.228537 0.691255 0.062253 0.047570
2 0.176280 0.673663 0.062253 0.047570
