4 0.864415 0.594612 0.099390 0.141220
4 0.949972 0.614448 0.099390 0.141220
4 0.873112 0.523806 0.077183 0.114417
4 0.947473 0.489602 0.081160 0.117225
1 0.530848 0.447224 0.028817 0.030112
4 0.873542 0.478013 0.062150 0.110810
0 0.457067 0.526116 0.022740 0.015168
0 0.483008 0.506046 0.022743 0.013757
0 0.424637 0.555674 0.022740 0.013758
2 0.268667 0.628783 0.057373 0.042645
2 0.312392 0.649221 0.057370 0.042647
2 0.314925 0.595841 0.049543 0.038018
2 0.351843 0.612919 0.049540 0.039697
2 0.397033 0.629765 0.049540 0.042750
2 0.354280 0.568007 0.042227 0.034700
2 0.394047 0.581744 0.043500 0.038503
2 0.435295 0.597626 0.049543 0.039972
2 0.477462 0.615495 0.049543 0.042750
2 0.458128 0.566230 0.039863 0.037065
2 0.698233 0.484076 0.036733 0.025793
2 0.654190 0.475890 0.034493 0.023325
2 0.612683 0.467785 0.035673 0.023325
2 0.555682 0.477660 0.040550 0.020565
2 0.923033 0.847069 0.101653 0.090518
4 1.009568 0.594099 0.081163 0.117223
4 1.012177 0.552053 0.081160 0.117225
4 1.012827 0.520274 0.081160 0.117222
