2 0.234200 0.909568 0.099665 0.104170
2 0.332759 0.882635 0.094488 0.104170
2 0.229300 0.796352 0.092125 0.100883
2 0.228827 0.690983 0.085955 0.088167
2 0.317444 0.774570 0.085897 0.100887
2 0.394719 0.747315 0.079018 0.089410
2 0.309035 0.665643 0.079015 0.089407
2 0.382509 0.651543 0.072887 0.080107
2 0.452043 0.641305 0.068595 0.079030
2 0.353899 0.577437 0.070523 0.066413
2 0.311704 0.325520 0.058978 0.051107
2 0.359881 0.274853 0.041897 0.051107
2 0.410921 0.269252 0.041897 0.051110
2 0.461104 0.264183 0.041898 0.051107
2 0.876195 0.622642 0.054675 0.106657
0 0.296898 0.588585 0.034975 0.036497
0 0.285874 0.502413 0.037257 0.032440
0 0.280551 0.439558 0.029652 0.034470
1 0.234512 0.273805 0.042655 0.080090
4 0.721335 0.355535 0.070215 0.201937
4 0.773440 0.348095 0.070215 0.201937
4 0.930366 0.398345 0.088043 0.219483
4 0.878354 0.323975 0.089537 0.214750
4 0.659036 0.261265 0.070213 0.201937
4 0.615036 0.177370 0.070213 0.201933
4 0.663876 0.177957 0.070212 0.201933
4 0.731639 0.199665 0.070212 0.201937
4 0.756719 0.237212 0.070213 0.201937
4 0.788401 0.288253 0.070213 0.201933
4 0.815241 0.229585 0.070212 0.201937
