4 0.692285 0.516098 0.056465 0.134263
0 0.284400 0.604050 0.021515 0.022400
0 0.272317 0.647177 0.024755 0.024560
0 0.255962 0.710343 0.020930 0.024373
1 0.294347 0.502785 0.025640 0.047350
2 0.126386 0.949817 0.076042 0.088733
2 0.194820 0.940233 0.076040 0.088733
2 0.159692 0.850407 0.063795 0.072853
2 0.217133 0.847552 0.063795 0.072850
2 0.274122 0.833300 0.064095 0.070400
2 0.189345 0.775423 0.056690 0.062820
2 0.240595 0.765945 0.050950 0.055743
2 0.289825 0.760003 0.050950 0.055747
2 0.292160 0.700870 0.050950 0.055747
2 0.337885 0.755453 0.050950 0.055747
2 0.330170 0.531425 0.033810 0.031103
2 0.434883 0.487515 0.027020 0.031103
2 0.402750 0.492837 0.027020 0.031107
2 0.369284 0.498013 0.027018 0.031107
2 0.670345 0.761752 0.042840 0.074803
4 0.664846 0.461860 0.043058 0.115893
4 0.621053 0.457897 0.043060 0.115893
4 0.607612 0.437380 0.043060 0.115893
4 0.568003 0.423708 0.043060 0.133803
4 0.528215 0.431962 0.043060 0.133803
4 0.548374 0.486188 0.043058 0.133803
4 0.637144 0.498922 0.043058 0.133803
4 0.729490 0.576385 0.056530 0.144603
4 0.613167 0.538067 0.043060 0.133800
4 0.566060 0.547063 0.049170 0.136180
