4 0.722412 0.404005 0.070215 0.201937
4 0.778294 0.402245 0.070212 0.201937
4 0.890496 0.380537 0.070212 0.201933
4 0.941099 0.473818 0.070213 0.201937
4 0.675331 0.295468 0.070212 0.201937
4 0.629130 0.218612 0.070215 0.201937
4 0.692491 0.203945 0.070212 0.201937
4 0.747934 0.245012 0.070212 0.201937
4 0.771694 0.288428 0.070212 0.201937
4 0.804695 0.337122 0.070215 0.201937
4 0.831976 0.276695 0.070212 0.201937
2 0.179350 0.798782 0.092125 0.100883
2 0.268310 0.787630 0.092125 0.100887
2 0.351507 0.768267 0.082030 0.100887
2 0.271829 0.900142 0.099928 0.111697
2 0.170522 0.921170 0.103595 0.114980
2 0.192653 0.689300 0.087480 0.085160
2 0.274363 0.672758 0.079745 0.085163
2 0.350428 0.665977 0.079745 0.085160
2 0.424054 0.660287 0.071868 0.085160
2 0.329520 0.586905 0.069400 0.066577
2 0.874109 0.693520 0.060692 0.102013
1 0.245879 0.272082 0.037257 0.082117
2 0.317591 0.329635 0.056832 0.050843
2 0.370759 0.283922 0.044368 0.050357
2 0.423195 0.282700 0.045835 0.056713
2 0.474895 0.280255 0.045835 0.051823
0 0.272673 0.438905 0.031535 0.032757
0 0.270472 0.504172 0.033735 0.034223
0 0.273590 0.593398 0.034100 0.038623
