0 0.314336 0.679352 0.029977 0.031310
0 0.341649 0.731103 0.035043 0.034527
0 0.388572 0.798532 0.035045 0.038143
1 0.215969 0.576870 0.057832 0.049053
2 0.903716 0.314430 0.060252 0.116533
2 0.527614 0.867063 0.082612 0.092567
2 0.530804 0.719437 0.071752 0.092567
2 0.479111 0.790377 0.071752 0.092567
2 0.427085 0.864927 0.079210 0.092567
2 0.374144 0.943930 0.081793 0.092567
2 0.473991 0.951143 0.082543 0.092567
2 0.532279 1.027007 0.071752 0.092567
2 0.421176 1.028473 0.071752 0.092567
2 0.295852 0.553585 0.060305 0.054543
2 0.311261 0.468767 0.044147 0.054547
2 0.350523 0.419302 0.044150 0.054543
2 0.385899 0.372835 0.044148 0.054543
2 0.423121 0.742910 0.072522 0.062093
4 0.630131 0.222188 0.088178 0.220357
4 0.553314 0.196513 0.088178 0.220360
4 0.474111 0.164832 0.088178 0.220357
4 0.515296 0.104990 0.088178 0.220360
4 0.571266 0.076887 0.069717 0.220360
4 0.613506 0.085982 0.069717 0.220357
4 0.665253 0.095838 0.069720 0.220357
4 0.681620 0.160608 0.069720 0.220357
4 0.846583 0.066462 0.089290 0.220357
4 0.763991 0.056428 0.089288 0.220357
4 0.667681 0.023480 0.089288 0.220360
