4 0.655440 0.574908 0.048585 0.127563
4 0.613785 0.545102 0.048585 0.127563
4 0.574330 0.488280 0.048585 0.111260
4 0.513261 0.593005 0.048582 0.127563
4 0.479903 0.541400 0.048585 0.127560
4 0.450107 0.498793 0.034765 0.109393
4 0.482195 0.488095 0.034765 0.109397
4 0.524210 0.490472 0.034765 0.109397
4 0.538215 0.511183 0.034765 0.109393
4 0.560878 0.538343 0.034765 0.109393
4 0.549420 0.582482 0.034765 0.109397
2 0.642734 0.757900 0.037663 0.070120
2 0.250027 0.657368 0.043095 0.033557
2 0.290178 0.609422 0.031105 0.033963
2 0.326464 0.592788 0.028717 0.033963
2 0.360949 0.578212 0.027002 0.031990
2 0.245430 0.866275 0.065315 0.059183
2 0.316805 0.901555 0.065445 0.072730
2 0.256891 0.932275 0.071117 0.079377
2 0.194506 0.967692 0.069093 0.074523
2 0.128259 1.006152 0.069093 0.074523
2 0.254761 1.017395 0.069093 0.074523
0 0.210485 0.758288 0.026525 0.025463
0 0.204967 0.815580 0.029070 0.030840
0 0.198044 0.895430 0.035508 0.031193
1 0.198957 0.640385 0.030540 0.053003
