4 0.665250 0.462884 0.050487 0.080998
1 0.354387 0.468260 0.030560 0.030245
2 0.386795 0.494544 0.041850 0.020108
2 0.440617 0.480174 0.034727 0.021817
2 0.481737 0.483389 0.034727 0.022437
2 0.523073 0.486539 0.034727 0.022437
2 0.301687 0.600284 0.055780 0.032353
2 0.334130 0.648691 0.061273 0.041383
2 0.282843 0.639098 0.059107 0.041380
2 0.231253 0.629250 0.059107 0.041185
2 0.180507 0.623640 0.059107 0.041185
2 0.246192 0.680581 0.066217 0.048897
2 0.187545 0.674756 0.066217 0.048898
2 0.136022 0.662476 0.066217 0.048897
2 0.143592 0.725063 0.077110 0.054725
2 0.083055 0.713348 0.077110 0.054725
2 0.771028 0.772059 0.078850 0.073923
0 0.258907 0.596632 0.023573 0.016820
0 0.292652 0.558810 0.026757 0.016820
0 0.316847 0.532864 0.023573 0.016822
4 0.680895 0.563261 0.075243 0.117507
4 0.750365 0.573224 0.075243 0.117507
4 0.672275 0.506685 0.062983 0.100615
4 0.719352 0.467806 0.058790 0.083377
4 0.780725 0.489241 0.079417 0.089327
4 0.776648 0.515650 0.079417 0.089330
4 0.806975 0.541470 0.097457 0.110950
4 0.932855 0.643923 0.145937 0.138430
4 0.898972 0.582730 0.120523 0.130145
4 0.858230 0.519576 0.089813 0.105098
