4 0.455107 0.465432 0.038000 0.114510
4 0.471915 0.491235 0.038000 0.114510
4 0.489739 0.519755 0.037998 0.114510
4 0.507563 0.470865 0.038000 0.114510
4 0.545541 0.518287 0.050713 0.132507
4 0.582804 0.566997 0.061143 0.132507
4 0.471405 0.564910 0.045495 0.139200
2 0.561054 0.761728 0.046077 0.079070
2 0.277860 0.573187 0.032095 0.029147
2 0.238520 0.593167 0.035430 0.033580
2 0.195563 0.613295 0.039060 0.039290
2 0.144294 0.676157 0.052907 0.043420
2 0.185600 0.953033 0.081480 0.078987
2 0.116331 0.999313 0.081477 0.078987
2 0.111070 0.925847 0.091340 0.078987
0 0.083229 0.798695 0.033918 0.027297
0 0.068791 0.867443 0.039397 0.032467
0 0.048776 0.968892 0.048653 0.039803
4 0.376377 0.477785 0.038000 0.114510
4 0.400616 0.537410 0.045493 0.139200
4 0.427837 0.588403 0.045495 0.139200
1 0.084830 0.656105 0.042295 0.066410
4 0.412330 0.463735 0.038000 0.114510
