4 0.640702 0.557040 0.094750 0.148585
4 0.721995 0.558673 0.094750 0.148585
4 0.921185 0.612372 0.094750 0.148585
4 0.861965 0.546560 0.094750 0.148585
4 0.797078 0.473856 0.094750 0.133877
4 0.586378 0.484555 0.094750 0.148585
4 0.538312 0.428740 0.094750 0.148585
4 0.608282 0.422639 0.094750 0.137077
4 0.688958 0.450054 0.094750 0.124793
4 0.719715 0.479324 0.094750 0.124793
4 0.757702 0.515953 0.094750 0.124790
1 0.015708 0.467260 0.031417 0.057705
0 0.012240 0.595361 0.024480 0.025002
2 0.096963 0.506985 0.076747 0.034305
2 0.183402 0.472391 0.062017 0.036048
2 0.258598 0.471228 0.058917 0.034885
2 0.330305 0.471229 0.061243 0.033722
2 0.170998 0.788101 0.110083 0.070933
2 0.051002 0.722984 0.102003 0.069767
2 0.058365 0.798857 0.116730 0.078490
2 0.049290 0.895371 0.097687 0.100592
2 0.847825 0.806327 0.086457 0.096450
