4 0.807993 0.545735 0.112273 0.160930
4 0.899913 0.549813 0.112273 0.160930
4 0.747307 0.465725 0.112273 0.150825
4 0.708705 0.399469 0.085910 0.145443
4 0.783118 0.403852 0.085910 0.145440
4 0.859027 0.430446 0.072207 0.150822
4 0.900063 0.464965 0.072207 0.150825
4 0.927602 0.507405 0.072203 0.150825
4 0.977018 0.460155 0.072203 0.150825
4 1.018628 0.542057 0.072203 0.150825
1 0.194682 0.418844 0.050197 0.060183
0 0.194030 0.536694 0.039767 0.022977
0 0.175452 0.585095 0.043023 0.022000
0 0.156548 0.656230 0.049543 0.029335
2 0.276492 0.463846 0.071703 0.036668
2 0.356018 0.433046 0.054757 0.034712
2 0.424140 0.437690 0.052800 0.035200
2 0.489978 0.440867 0.054103 0.035690
2 0.233142 0.655741 0.094523 0.051822
2 0.976217 0.809459 0.047567 0.083942
2 0.341940 0.727960 0.095607 0.069670
2 0.241175 0.722664 0.103750 0.067222
2 0.134912 0.721171 0.105290 0.064777
2 0.028695 0.721677 0.105290 0.068915
2 0.220092 0.804582 0.119370 0.079880
2 0.097143 0.805835 0.119767 0.082535
2 -0.016488 0.801747 0.119763 0.082535
2 0.071230 0.905173 0.138680 0.103945
