2 0.364136 0.532947 0.032772 0.028740
2 0.401815 0.504560 0.024710 0.028740
2 0.434497 0.504675 0.025585 0.029443
2 0.466304 0.504325 0.026113 0.030143
2 0.339536 0.701280 0.046457 0.049460
2 0.709475 0.794407 0.039680 0.083353
2 0.389977 0.759597 0.049955 0.059353
2 0.341661 0.759783 0.049957 0.059353
2 0.290966 0.764325 0.053562 0.063603
2 0.236554 0.766985 0.059893 0.067090
2 0.329456 0.833445 0.059347 0.071510
2 0.269726 0.842192 0.063702 0.079083
2 0.209113 0.845962 0.070675 0.079083
2 0.253584 0.933170 0.077668 0.091860
2 0.181611 0.944073 0.076213 0.102100
