2 0.228110 0.620554 0.072680 0.036742
2 0.309400 0.585426 0.052220 0.036743
2 0.377233 0.584416 0.052220 0.037148
2 0.443450 0.581388 0.052220 0.032705
2 0.167277 0.837374 0.102827 0.061778
2 0.280598 0.909849 0.101210 0.059757
2 0.183427 0.901572 0.084520 0.053700
2 0.967685 0.959501 0.064630 0.080997
0 0.138128 0.707226 0.036437 0.023258
0 0.112157 0.762751 0.046513 0.029653
0 0.086575 0.842116 0.052717 0.033722
1 0.149523 0.582599 0.049613 0.058203
4 0.751100 0.680859 0.086827 0.167507
4 0.692570 0.594227 0.068993 0.136110
4 0.647220 0.532888 0.060467 0.121575
4 0.719703 0.532015 0.058140 0.122155
4 0.837150 0.680277 0.093027 0.173320
4 0.970128 0.664870 0.059743 0.132040
4 0.880563 0.629111 0.071320 0.151228
4 0.806140 0.556725 0.071320 0.119250
4 0.837925 0.590449 0.075970 0.122737
4 0.925138 0.588122 0.082950 0.145995
